1.7176605768306357 1.0
1.7846199041627298 0.0
1.995924535298588 1.0
2.200335354655797 0.0
1.972085944561486 1.0
3.733984618588396 0.0
2.678217722063449 1.0
3.7667544779895366 0.0
2.8924461030966917 0.0
1.1845267000527373 1.0
0.12917488904123053 0.0
2.4100568709660313 1.0
2.915786297802369 1.0
2.7495454425347443 0.0
1.6084364985831547 1.0
0.7048504107834463 1.0
3.042647867729351 0.0
1.5570572802377032 1.0
2.451524119964859 1.0
1.1755934191357431 1.0
1.5700997394897147 1.0
0.7783738894420666 0.0
2.8423133664727835 1.0
2.128587196448765 1.0
0.6698802649281852 0.0
2.128792394726206 1.0
2.1199194822861656 1.0
2.399115264982348 0.0
1.470445280586541 1.0
3.3684022150747897 0.0
0.9504624919086078 0.0
-0.8990935963047653 0.0
1.3895691153569376 1.0
2.9553839640758293 1.0
2.124281277853444 1.0
1.2792070835205722 0.0
2.354664261239273 0.0
1.5774696607364034 0.0
1.3245135740943375 1.0
0.6657341155613894 1.0
2.273660552045395 1.0
3.7241430077315014 0.0
2.359920930689936 1.0
1.8845042985788167 0.0
2.329977769603888 0.0
1.071015609902542 0.0
1.7371865582743053 0.0
2.552995747370312 1.0
1.7881624834136587 1.0
2.9966343575043397 0.0
0.7302145476663844 0.0
1.909932863486878 0.0
1.443023359468934 1.0
3.1792561921574682 0.0
1.1420370960263053 1.0
1.9472769130749585 0.0
2.327263849291819 1.0
2.904060077148204 0.0
0.2858231097316446 0.0
3.9931174473583004 0.0
2.5476362017403464 1.0
1.7134673278324444 1.0
1.502550554992626 0.0
2.1113172835690937 0.0
0.9379797317677574 0.0
1.8609629373128078 1.0
1.2639231165801363 0.0
1.7801664239032091 1.0
0.12702109321522626 0.0
-0.08927783705030068 0.0
2.03871635268809 0.0
3.1511125506536826 0.0
1.1446265909368925 0.0
1.17578326898581 0.0
2.468132677852147 1.0
2.0591201010264006 1.0
3.7342774711158455 0.0
-0.5431637303632626 0.0
0.5178365804258114 0.0
1.842674768614825 0.0
2.360053666549612 1.0
1.6445145503606777 0.0
1.6210750002557692 0.0
4.15756555605595 0.0
3.789185310625969 0.0
-0.020368354090013696 0.0
1.4995564993529547 0.0
2.4430561383492595 0.0
2.294731448876707 1.0
0.6793354393587316 0.0
-0.11966313616698931 0.0
0.8948515224150688 1.0
2.4946215423020646 0.0
1.7900333319917758 1.0
3.33818593703593 0.0
2.0996668280323694 1.0
2.408814170164269 1.0
1.9091954023029378 0.0
0.7702421340992194 0.0
0.7023588932147933 0.0
3.2077384224317007 0.0
2.2231459898436534 1.0
1.2981779628812515 1.0
2.022966005341587 0.0
1.6047535310525378 1.0
3.2713447005971465 0.0
3.9911399131922347 0.0
2.6339722663491454 0.0
2.145749323672082 1.0
1.3629761391213424 1.0
1.5865935315882802 0.0
4.614187698473644 0.0
2.4791142597104057 1.0
2.088801666495227 0.0
1.9163552124228809 0.0
4.307885652438884 0.0
3.0827020725943495 1.0
2.8578534239088316 0.0
1.9466525124229448 1.0
2.433370432490612 1.0
3.0967891734583244 1.0
4.148673200904657 0.0
3.829009360967619 0.0
1.5450414433381932 0.0
1.8006268211254368 1.0
2.491261535785142 0.0
1.2854250124772841 1.0
1.8118625167725544 0.0
1.6827205042334596 1.0
1.7434932417673066 1.0
2.650662181969561 0.0
1.4651143819061574 0.0
3.3570165116119535 0.0
1.2559722721099595 0.0
2.225739417263203 0.0
1.6366960754406812 1.0
2.09224292863468 1.0
1.2559426575757295 0.0
2.0358523079113624 0.0
1.0525533739841404 0.0
-0.1943779313495826 0.0
2.293094796998115 1.0
2.982520160521501 0.0
0.09647975561930444 0.0
2.7782843561301402 0.0
-0.017453043303024884 0.0
1.2069894401188468 1.0
3.1767825165437844 1.0
1.827395755546354 1.0
2.1353702632226614 1.0
-0.059569859489268406 0.0
2.142827661051726 0.0
1.689377664513383 0.0
1.7732461964457822 1.0
1.4893768984182691 1.0
1.280262212649009 0.0
1.766863142537906 1.0
1.9009797123992833 0.0
2.0109761347156176 0.0
1.5742378537083157 1.0
2.087865861025391 1.0
1.458422638429042 1.0
2.382472581936697 1.0
2.9228849658720684 1.0
1.3626117402780022 1.0
1.179584105446531 1.0
3.73791755515854 0.0
1.9202346922299267 0.0
2.233492615872434 0.0
3.514768212904466 0.0
1.1222277316790947 1.0
2.796765323356606 0.0
1.5823026993576785 0.0
2.7443944222081926 0.0
0.9379769811305618 0.0
2.0805906892645827 1.0
1.8609001593717442 1.0
2.1891029038396956 0.0
3.0484184086333697 0.0
1.1383973940201384 1.0
3.3260731416261464 0.0
0.8020938659191954 0.0
1.7588470298155332 1.0
2.596915409183619 1.0
2.4675143808657536 1.0
0.6870186859674474 0.0
1.7491783868906816 1.0
1.1288963811717312 1.0
0.6494149849820037 0.0
1.7386631704871764 1.0
-0.10624407493517651 0.0
0.7207072911400774 0.0
2.0890044149867304 0.0
2.574875391313793 1.0
-0.39458490771445964 0.0
2.3744394260665738 0.0
6.298717985692003 0.0
1.9540860806708056 0.0
2.4468442988101127 1.0
2.2370807648873763 0.0
1.9117729685077667 0.0
4.6945586669328705 0.0
1.1399214518495175 1.0
2.223232586267449 0.0
3.1560632007171465 1.0
1.4412752944218021 0.0
3.161084619824007 0.0
1.8120084708783626 0.0
1.0702833919013062 0.0
1.7954746117719427 1.0
0.41336783660296583 0.0
3.7353276316962742 0.0
1.105108024542718 1.0
3.0795235181276306 1.0
2.4286541548484917 0.0
1.768795032675388 1.0
3.565750397709679 0.0
2.4972656665066126 1.0
1.5139316433386785 0.0
2.013729802907322 0.0
2.11242809111505 0.0
1.6730434836808827 0.0
1.704161700446402 0.0
2.8891864604068136 1.0
3.647220563450687 1.0
1.6161038935334715 0.0
3.112996023534414 0.0
1.3882461846611691 0.0
3.403149601836042 0.0
1.0566733348620034 1.0
1.5466478599827098 0.0
3.34226841487558 0.0
2.6254040517716852 1.0
1.7386530550665362 1.0
1.5281939332259467 0.0
2.2427226559556215 1.0
1.012382713730926 1.0
2.832122221559927 0.0
1.4958533576028228 1.0
1.3703499687984313 0.0
2.5616962118183713 0.0
1.1722490804287276 0.0
1.7963792849947686 0.0
0.016838073131858255 0.0
3.0415428067771897 1.0
3.2257249334882934 1.0
-0.6744544631043281 0.0
1.1165022013385353 0.0
1.686704584534655 1.0
2.530115503406026 0.0
4.015886480743324 0.0
1.7927137416885397 1.0
2.5412826418581034 1.0
1.94950084144448 0.0
2.235551775813219 1.0
1.5808299782513777 1.0
0.8250019783951692 1.0
1.537351262711521 1.0
2.745701813058011 1.0
1.60862409086108 1.0
2.8169633782534476 1.0
1.241664382071327 0.0
2.9657231938704562 0.0
1.5344049701091964 1.0
2.289216117414998 0.0
1.3015234230409758 0.0
2.273902649612575 1.0
1.7375362496433773 0.0
3.6568808884217954 0.0
5.159182729518056 0.0
2.0384256809114207 0.0
2.4646190799628824 1.0
1.486965375137546 1.0
2.575455537871048 0.0
1.829423992724291 1.0
-0.03543070958764183 1.0
1.9047738120172657 0.0
4.020562100163179 0.0
2.430661681921007 0.0
2.0741069255450655 0.0
0.9545102756402855 1.0
1.959826881545785 1.0
2.987277823039194 1.0
2.6128825563661615 1.0
3.4614442448617084 1.0
0.5126413302791473 1.0
2.3588663394156635 0.0
2.572214340366058 1.0
1.3079243411753576 0.0
2.763618327359491 0.0
3.3954820333569815 0.0
2.0749612963525292 1.0
2.7797647051367824 1.0
1.9923376929523422 1.0
2.261228228015348 0.0
1.0442111331749384 0.0
3.346778644115182 0.0
3.3062660797400025 0.0
1.8889685075870688 0.0
1.4448918941241322 1.0
1.9597783123206431 0.0
2.4474508153544052 1.0
0.6702993360640526 0.0
2.558635518263144 0.0
1.9522986519306809 1.0
2.732017713833339 0.0
1.2920774385933402 0.0
2.737881278090309 1.0
1.294706767080219 0.0
0.9432135617934585 1.0
3.030765079336348 0.0
2.16760029773949 0.0
1.729718900914393 1.0
0.7679955627339432 0.0
3.1421483745661245 1.0
0.43679612559970993 0.0
4.38090943001116 0.0
2.39772517275585 0.0
2.223707913962906 0.0
0.4664367394134985 0.0
1.9658832655268372 1.0
2.082142128856902 1.0
2.8975566478215358 0.0
1.7703959662316655 1.0
3.479902775238274 0.0
2.32492421527596 1.0
1.2625158026175085 0.0
3.2138774289639658 0.0
1.8690927199001022 0.0
1.7340919462872622 1.0
2.2851828519590196 1.0
1.547208492015412 1.0
1.2575530634886136 1.0
2.211428600566757 1.0
2.147172125920386 1.0
1.3283676410205985 0.0
2.388324101039748 1.0
2.38624401515065 1.0
-0.2581429274749807 0.0
-0.3057624593876107 0.0
2.0157000405960845 1.0
1.456517431199316 1.0
4.512481229869513 0.0
2.9801037680806965 0.0
3.65750894124919 0.0
2.163905039092886 0.0
0.6554564684242854 0.0
3.1412878502589514 0.0
2.1025588688925363 0.0
4.039804910363222 0.0
2.110005601561916 1.0
-0.09565580181511368 0.0
3.1586376813811103 0.0
2.7213301030182175 0.0
3.686836598246023 1.0
2.197801583869578 0.0
2.3196164343135077 0.0
2.5992584620627195 1.0
1.261033984884393 1.0
3.2336275067645577 1.0
1.7625118880430382 1.0
1.7429122336749274 1.0
2.397932159641013 0.0
1.822215293909769 1.0
2.532153827437022 0.0
0.7068674868467286 1.0
-1.2298153384078043 0.0
2.1044133207917675 1.0
3.1779849309761126 0.0
3.889575430141349 0.0
2.412474861482205 0.0
1.1368527308131684 0.0
1.935952047469613 1.0
1.6608288848625983 1.0
1.4506242491109416 0.0
1.3910387889131322 1.0
1.704221801416538 1.0
0.574524755221232 1.0
1.6257402747232872 1.0
0.3050500992917171 0.0
3.945086094745192 0.0
0.2833448774011629 1.0
0.8756975010328478 0.0
1.461837956473833 0.0
2.4297276743114375 0.0
3.23990847274963 0.0
1.847017433854509 1.0
2.1576667093318673 1.0
0.9530257425214919 0.0
2.6569023416087054 1.0
2.7012610251146487 0.0
1.7109390271968865 0.0
0.957164302522437 1.0
2.87558887936153 0.0
1.9481420860153267 1.0
3.664705375778815 0.0
2.951006874875606 1.0
1.4254053063518053 1.0
4.358060124343787 0.0
2.19767185115349 0.0
2.694137947087488 1.0
1.0203823074929033 0.0
2.3968019369179183 0.0
0.9980183024768718 1.0
0.5113437704497146 0.0
3.2178491331435337 1.0
1.8623257378095093 1.0
2.666153831514336 1.0
2.129807097882447 1.0
1.6717741897013738 0.0
2.454966055818251 1.0
2.3879427026125457 0.0
3.503949458261694 0.0
4.192145752440085 0.0
3.4397687307066747 0.0
1.9066361448299667 1.0
2.4939646362785277 1.0
1.5865926978718004 0.0
1.711736271002687 0.0
2.071148815921552 1.0
2.7738365872500377 1.0
1.3103782910215278 0.0
2.2333014431454816 0.0
1.5551488672691547 0.0
4.60688447472596 0.0
1.5606204951027798 1.0
4.670000794386581 0.0
0.4539750138681331 0.0
2.173929132955035 0.0
2.236890444792822 1.0
-0.7082495443859438 0.0
2.284149481888554 1.0
2.3056457132797723 0.0
2.369252984333265 1.0
3.3005155891407014 0.0
1.9239527716039784 1.0
1.4805759218628498 1.0
2.9282744174061337 1.0
1.495298743184384 0.0
2.4627560354903095 0.0
2.4313540546143217 1.0
1.6925846790590708 0.0
3.9417348514376283 0.0
1.9543511347921902 1.0
-0.4665591280614505 0.0
0.5338249268001976 0.0
1.8531275652805381 1.0
2.810956631452358 0.0
2.22215163882273 1.0
2.729842696715714 1.0
1.6007230731157205 1.0
2.4030851892892526 1.0
2.067914839676233 0.0
1.7275525093348454 0.0
3.033450748320136 1.0
-0.9985137090795981 0.0
4.02222010147353 0.0
3.7311976326743115 0.0
1.5016613251578526 1.0
2.6207062467636524 1.0
1.4524249036213033 1.0
4.217509392611786 0.0
0.14175544427015052 0.0
2.8764853922762574 0.0
2.0221069796300606 1.0
2.605813102846137 1.0
2.8849501081696083 1.0
1.3992109668922386 0.0
1.4000372256333442 0.0
1.9930894334063045 1.0
2.3002808960325107 0.0
1.623310436096413 1.0
2.076140862825927 1.0
2.9264566129727845 0.0
2.831008377934787 1.0
0.488817614798321 0.0
0.8713348617473844 0.0
1.1559835051850678 0.0
3.781013052370345 0.0
2.84564669449276 0.0
1.833717482369631 0.0
1.4881440629601852 0.0
2.3481869778031363 0.0
2.0064615125996967 0.0
2.5624940487648686 1.0
3.4969626586805918 0.0
1.0542698150158216 0.0
2.3318165116678484 1.0
2.026032327435201 0.0
2.3811811166403047 0.0
0.442827051932853 0.0
2.8352204539442933 0.0
2.4688234008120666 1.0
2.4691212005579857 1.0
2.347428317864485 1.0
2.115116805417855 1.0
2.7866057679629637 0.0
2.792365872759714 1.0
3.004105843630782 0.0
2.9786641575210506 1.0
1.9842621571982206 1.0
2.8754878665383132 1.0
1.6356562520412434 0.0
1.3056277884484273 1.0
1.814457328461576 0.0
2.1515058762307104 1.0
0.7145684094337841 1.0
2.0075097801911297 1.0
1.7216508378129753 1.0
1.085855164214066 0.0
1.4121401151864887 0.0
0.5875654847586758 0.0
2.0922201198696615 1.0
3.599088678528874 0.0
1.502772741596392 0.0
1.697581879922442 0.0
0.8759278828241153 1.0
1.2237138138566865 0.0
2.079886741051281 1.0
2.2499800241261774 0.0
5.2144285214388795 0.0
1.2605567631056556 0.0
2.6005230627083824 1.0
1.156969805765412 0.0
2.18381615188375 1.0
2.2970721108505687 0.0
2.7207909233174234 0.0
3.1265063566667792 0.0
2.5448684918764584 0.0
2.583735976971911 1.0
1.825386086248792 1.0
1.5147534903703397 1.0
1.2888059800505052 0.0
1.932206242400059 0.0
1.5429247578663454 1.0
5.456251223874052 0.0
2.413277804689524 0.0
2.3519214524360548 1.0
2.167981146187189 0.0
2.1289636703033064 0.0
2.721075443930281 1.0
1.0631399665571837 1.0
1.5781455051954436 0.0
3.28633828723805 1.0
2.620450183419206 1.0
1.6350060772766049 1.0
0.6151620537292684 1.0
2.438386539054219 1.0
1.3750722224080838 1.0
0.5082107945467935 0.0
0.32887222927566273 0.0
1.4890088928930378 1.0
3.1851399206022064 1.0
4.423487772197861 0.0
2.4983715447137302 1.0
2.8319299159253792 0.0
1.994468216866398 0.0
2.156749451748832 0.0
1.2106888628468904 1.0
0.8700268985855932 0.0
2.1939818550942345 0.0
1.9112616218419036 1.0
2.0555947178948633 1.0
1.5061725421038448 1.0
1.384817372361753 0.0
1.7247741391494287 1.0
1.5588857763219324 0.0
1.2760842612217311 1.0
1.969188056658612 0.0
1.4940962053021458 1.0
3.878316493008172 0.0
2.5968664568831974 1.0
1.8195241858906566 1.0
3.027918366138393 1.0
1.2099458392830367 1.0
1.785371788624338 0.0
1.3870927374350819 1.0
1.6709645781207216 1.0
3.4507998288168356 1.0
0.8674655426831153 0.0
2.0218091688693165 0.0
-0.09914617078065824 0.0
2.43379647862976 1.0
0.7842041971836924 0.0
2.0185020441232253 1.0
2.3576306417009603 1.0
1.1692513099485258 1.0
2.51097579600379 1.0
0.8984999935388702 1.0
-0.7414446948755065 0.0
2.537656840513116 0.0
4.325005007539985 1.0
0.9370345786553518 0.0
1.9413963470732676 1.0
2.5510492096299573 1.0
0.7875054718766314 0.0
1.1142338143513892 0.0
1.7243473602295176 0.0
2.636721986480233 1.0
2.373968442985669 0.0
0.805555992634577 0.0
2.029122766332278 0.0
2.015629070496912 1.0
1.7035097912677464 1.0
2.273758218346559 1.0
2.5071875174659457 1.0
2.062302205061488 0.0
3.1650314924700984 1.0
2.5074906452524997 0.0
2.2638613224695088 1.0
0.28355825253181477 0.0
2.6397638780454558 0.0
4.162090630423059 0.0
2.439846473910844 1.0
3.001186281579939 0.0
1.9015891311173676 0.0
0.6304315034977346 0.0
2.9691394570448812 1.0
2.157920324217137 1.0
0.2062112303530268 0.0
1.8533077256445287 0.0
2.402106983836273 1.0
0.5958990252469447 1.0
2.3689552418972104 0.0
2.5209107191299513 0.0
3.5592016936380624 0.0
2.6929818574500892 0.0
1.9383552405092734 1.0
1.7184834510348796 0.0
1.8116876169711673 0.0
3.4185573303317875 0.0
2.094154562985195 1.0
2.0518534440275165 0.0
4.209236788770616 0.0
1.3713547126564518 1.0
1.491778337236871 1.0
1.9971226754974118 1.0
1.8633464522798595 0.0
2.1092909387415495 0.0
2.940059462717372 0.0
2.1718814424809767 1.0
1.5970632741822586 1.0
3.6281529105834025 0.0
-0.4013536395124522 0.0
0.3857430591285955 0.0
2.0872822188478337 1.0
2.8949373439598247 0.0
0.6974717202967908 0.0
1.4565793061940049 0.0
2.3943056812426575 1.0
1.2217906228543196 0.0
2.8314606581518307 1.0
2.6791112025211143 1.0
2.5628893944911635 1.0
2.6960372330578037 0.0
1.3563535855102686 0.0
1.3297961929846283 1.0
2.4841028516166532 1.0
-0.3749289933659492 0.0
2.1195615629927897 0.0
3.5003266807882905 0.0
2.9981520205537247 1.0
1.1300128882659524 1.0
3.2840217643090055 0.0
0.7363605520607486 1.0
2.65218424122075 1.0
2.168224314349268 1.0
1.6942022831961512 1.0
0.9017438494298504 0.0
3.776231881070898 0.0
1.5410634792901141 1.0
2.0802376953146533 0.0
1.8228391154925896 0.0
3.168639728757041 0.0
0.38438310126104125 0.0
1.1092135805656689 1.0
2.6343555931142584 1.0
2.4721638075408126 1.0
2.9450077723085184 1.0
1.2220397115745714 0.0
0.9247686232688594 0.0
0.3970761466156505 0.0
1.4691252394705954 0.0
1.5171140846781004 1.0
2.859795205737095 1.0
2.041101171586238 0.0
2.4704471548327076 1.0
2.574228358161879 0.0
2.081975258083827 0.0
1.5036004046793656 1.0
1.2565302952681754 1.0
2.829086424109408 0.0
0.29212649270947644 1.0
1.7947872244453174 0.0
2.0851261339185627 0.0
-0.12981284705191865 0.0
3.4248875627495643 0.0
2.5976275932905573 1.0
2.181406068309312 0.0
1.3553708289832982 0.0
2.5445880998668495 1.0
2.1130462986411853 0.0
2.983263527443938 0.0
1.4880359943745873 1.0
1.8856052629496347 0.0
2.517555148921068 0.0
1.54624119585417 1.0
-0.47005022451171996 0.0
1.3843053351826857 0.0
3.0752404716626827 0.0
2.8703889603683845 0.0
2.538701789452123 0.0
2.1112403216161137 1.0
2.007537436351488 1.0
2.1544678131627624 1.0
1.7587533956320243 1.0
1.4648994794023955 0.0
0.8887821058033782 1.0
2.387217010411535 0.0
0.9609630318395546 0.0
1.0782701845562337 1.0
2.33548581445543 1.0
0.4177633941358305 0.0
2.7595075675616627 0.0
2.7510502269060013 1.0
1.7187982591459656 1.0
1.149274973894502 1.0
2.5648508332096345 1.0
1.9980352556269219 1.0
2.049339165128777 0.0
2.6586835680171292 1.0
-0.2914396295974315 0.0
3.0603677233195468 1.0
3.9681000435133154 1.0
2.2160388599243364 0.0
-0.7713730452533905 0.0
1.6725362637121695 0.0
1.810230162528029 1.0
3.1112724894392882 1.0
1.5433157994720739 1.0
2.2186451449542113 0.0
3.135050425736755 1.0
1.3808168662529718 0.0
0.5217872964242241 0.0
-0.9545369699655808 0.0
0.495834222302574 0.0
3.2845386213537617 0.0
3.0914174404161816 0.0
3.0160233056107355 0.0
2.443827995369336 1.0
2.3661221455383283 0.0
0.08648531687759875 0.0
2.3932537123372337 0.0
3.4089469440199425 1.0
1.874530810851865 1.0
0.7172978739684446 0.0
1.352277663963631 0.0
3.6149073920493486 0.0
4.818611170693954 0.0
1.2764188956734837 0.0
2.191981027380652 0.0
2.8835734408981026 0.0
2.8015156497693523 1.0
0.7662451038455982 0.0
1.9657302284376619 1.0
1.0767441667895088 0.0
0.5129583133908695 1.0
2.141426999114761 0.0
1.814882243035939 1.0
1.6333855185602264 0.0
1.6264579025565804 0.0
1.417457772144274 0.0
1.4199333792445539 0.0
1.9249280205607453 0.0
2.625923711276461 1.0
1.9214229371549216 1.0
2.2622404988696725 1.0
1.3100048714261374 0.0
3.0647852475505513 1.0
1.39255256104942 1.0
1.6480472014165604 1.0
1.6288769456176917 0.0
3.0369491834152145 0.0
-1.389503655083674 0.0
2.2270214244085538 0.0
1.4553963667150152 0.0
0.8797160999763627 0.0
1.1618203575062342 0.0
3.813443601278969 1.0
2.9446748529695057 1.0
1.9610409246180769 0.0
2.0260545087022224 1.0
2.882413675370905 0.0
2.761062346832052 0.0
0.4912030245413235 0.0
4.6323912760793515 0.0
1.7332364691887936 1.0
-0.10162512129175916 0.0
1.5392058441868732 1.0
3.1456966777206947 0.0
2.1185868551018894 0.0
2.550553777723707 1.0
2.9345624873609655 0.0
1.5134166070377133 0.0
2.0477036396697157 0.0
1.0328198422832866 0.0
1.8153099111239241 0.0
2.040029483682027 0.0
2.5527640774926126 0.0
1.809923513180318 1.0
1.04005516694701 1.0
3.065756879419326 0.0
0.6892312441449102 0.0
2.3412574448380767 1.0
2.4549912665023292 0.0
3.320060064018758 0.0
4.075356844859947 1.0
2.4796010284840353 1.0
1.467891953617655 0.0
3.0220654585962725 0.0
-0.20471561247268433 0.0
4.685463457421213 0.0
2.692050636867131 1.0
0.6520246847054243 0.0
0.5404321809742529 0.0
1.6614632144005186 1.0
1.185551946833495 1.0
0.7967643529768929 0.0
4.894758223810571 0.0
2.7608684186727315 0.0
-0.3100937775935817 0.0
2.136359064429034 0.0
3.604569994801942 0.0
1.2465794175269727 1.0
3.081307007831332 0.0
2.163192248331574 1.0
2.313750921799506 0.0
2.0634253130804634 1.0
2.2995001699242277 1.0
1.0824773906969898 1.0
1.7981871393461546 0.0
2.2422483908432476 0.0
1.2163599303064285 0.0
2.621089912399629 0.0
1.8691676797436871 0.0
1.8188891535134784 1.0
1.7121736153220726 1.0
2.5697497591726135 1.0
1.2830849388014482 1.0
1.8301128749475708 1.0
1.7213166140438076 0.0
1.0214138957451204 1.0
1.8013590957497436 1.0
2.429552460085544 1.0
1.8589683143479587 0.0
1.6542786201491355 0.0
1.7257881493538731 1.0
2.5865586527314672 1.0
2.140980325582759 0.0
2.998705822197852 1.0
2.1914578220695193 0.0
1.5356130683926714 1.0
2.4683684626549818 1.0
0.7424158533627017 0.0
2.927158368238107 0.0
3.095114867989807 0.0
2.802752433963366 1.0
3.6550592505321413 0.0
3.0299162773918358 1.0
2.6869389870218585 1.0
1.8973747016668279 1.0
1.0013079489231702 0.0
1.3719044130916491 0.0
3.849307364844106 0.0
2.323113217522897 0.0
2.709716682270797 1.0
3.0329494015707903 0.0
-0.19323781554307162 0.0
2.658560197079184 1.0
3.3313466481225253 0.0
3.4314429072945836 0.0
2.167827722220503 0.0
0.6966265659567432 0.0
0.036971043815956284 0.0
2.0391726769040357 0.0
1.0224637953926385 0.0
1.911867173676344 0.0
1.613271212643454 0.0
2.78837938239569 1.0
2.862557219550422 1.0
3.573505957027681 0.0
0.1350150556530152 0.0
0.5328280124236813 0.0
0.6275475885253334 0.0
-0.5130786140494177 0.0
1.159975599049333 0.0
2.5381917444462556 1.0
1.9091929967999783 0.0
2.569559853739752 1.0
1.2220269882225219 1.0
0.8205015418693975 1.0
2.8739736373093914 0.0
2.289286334987479 0.0
1.8876297395798225 1.0
1.864003263572263 1.0
1.1346160651728239 1.0
2.7404227682021913 0.0
2.2445752182975767 0.0
3.373416012779627 0.0
0.9268159381110475 1.0
2.3346619719278934 0.0
0.191695533779755 0.0
